year | official | ours (unique) | duplicate rows the portal itself returns | status
1970 | 7 | 7 | 0 | OK
1971 | 26 | 25 | 0 | MISMATCH
1972 | 25 | 25 | 0 | OK
1973 | 14 | 14 | 0 | OK
1974 | 16 | 16 | 0 | OK
1975 | 31 | 31 | 0 | OK
1976 | 48 | 48 | 0 | OK
1977 | 50 | 50 | 0 | OK
1978 | 23 | 23 | 0 | OK
1979 | 2 | 2 | 0 | OK
1980 | 25 | 25 | 0 | OK
1981 | 40 | 40 | 0 | OK
1982 | 24 | 24 | 0 | OK
1983 | 40 | 40 | 0 | OK
1984 | 81 | 65 | 0 | MISMATCH
1985 | 219 | 196 | 0 | MISMATCH
1986 | 75 | 75 | 0 | OK
1987 | 75 | 75 | 0 | OK
1988 | 90 | 90 | 0 | OK
1989 | 73 | 73 | 0 | OK
1990 | 44 | 44 | 0 | OK
1991 | 88 | 88 | 0 | OK
1992 | 132 | 132 | 0 | OK
1993 | 89 | 89 | 0 | OK
1994 | 85 | 85 | 0 | OK
1995 | 70 | 70 | 0 | OK
1996 | 91 | 91 | 0 | OK
1997 | 102 | 102 | 0 | OK
1998 | 97 | 97 | 0 | OK
1999 | 78 | 78 | 0 | OK
2000 | 106 | 106 | 0 | OK
2001 | 115 | 115 | 0 | OK
2002 | 172 | 172 | 0 | OK
2003 | 211 | 211 | 0 | OK
2004 | 461 | 461 | 165 | OK (within dup)
2005 | 309 | 309 | 0 | OK
2006 | 285 | 285 | 25 | OK (within dup)
2007 | 232 | 232 | 0 | OK
2008 | 342 | 342 | 0 | OK
2009 | 194 | 194 | 0 | OK
2010 | 254 | 254 | 0 | OK
2011 | 255 | 255 | 0 | OK
2012 | 363 | 186 | 25 | MISMATCH
2013 | 284 | 0 | 0 | MISMATCH
2014 | 272 | 0 | 0 | MISMATCH
2015 | 363 | 0 | 0 | MISMATCH
2016 | 264 | 0 | 0 | MISMATCH
2017 | 272 | 0 | 0 | MISMATCH
2018 | 240 | 0 | 0 | MISMATCH
2019 | 267 | 0 | 0 | MISMATCH
2020 | 195 | 0 | 0 | MISMATCH
2021 | 177 | 0 | 0 | MISMATCH
2022 | 103 | 0 | 0 | MISMATCH
2023 | 110 | 0 | 0 | MISMATCH
2024 | 159 | 0 | 0 | MISMATCH
2025 | 214 | 0 | 0 | MISMATCH
2026 | 120 | 0 | 0 | MISMATCH
total ours=4942, year mismatches=18